100 222
1 2
1 4
1 9
1 18
1 49
1 100
2 3
2 5
2 14
2 47
2 58
2 49
2 38
2 34
2 54
3 8
3 10
3 15
3 52
3 76
4 6
4 23
4 30
4 24
4 20
5 47
6 7
6 13
6 28
7 16
7 19
7 72
7 74
7 92
7 30
7 90
7 10
7 24
8 11
8 18
8 94
8 98
8 93
8 19
8 15
9 29
9 32
9 92
10 61
10 58
10 66
11 12
11 27
11 34
11 69
11 87
11 74
12 17
12 21
12 24
12 82
12 13
13 31
13 45
13 42
13 75
14 65
14 58
14 37
14 70
14 15
15 20
15 26
15 44
15 99
15 54
16 90
16 95
16 84
17 30
18 66
18 100
18 51
18 21
19 25
19 41
19 57
19 90
19 32
19 76
20 24
20 60
20 80
20 63
21 22
21 40
21 79
21 75
22 35
22 88
22 23
23 44
23 87
24 36
24 86
24 99
24 60
25 42
25 51
25 26
26 57
26 63
27 82
28 43
28 39
28 29
29 33
29 74
29 79
29 38
30 75
31 86
31 88
31 55
31 66
31 34
32 37
32 59
32 89
32 93
33 38
34 38
34 78
34 53
35 50
36 53
37 39
37 72
37 77
37 89
38 46
38 84
38 54
38 45
39 46
39 77
39 41
39 91
40 59
42 91
42 64
43 55
44 49
44 77
46 78
46 49
47 48
47 63
48 99
50 54
51 98
51 86
51 61
51 55
52 70
52 98
52 100
53 62
53 68
54 56
54 74
54 78
54 63
55 64
55 71
55 81
55 96
55 58
56 73
56 69
56 68
56 99
56 57
57 59
58 70
58 63
59 67
59 92
59 82
61 87
61 100
62 76
63 76
64 81
64 72
65 94
65 73
65 66
66 88
66 90
67 71
70 71
71 88
72 75
74 93
74 81
76 85
76 78
77 91
79 93
79 80
81 83
82 83
84 93
84 85
86 97
87 90
90 93
91 92
94 97
94 95
96 98
