100 224
1 33
1 99
1 76
1 56
1 66
1 14
1 15
1 3
2 31
2 86
2 44
2 37
2 62
2 41
3 87
4 16
4 60
5 95
5 84
5 10
5 12
6 9
6 38
6 46
6 42
7 10
7 59
7 31
7 57
8 41
8 69
8 34
8 92
8 46
8 62
9 25
9 50
9 15
9 99
9 48
10 63
10 64
10 31
10 36
11 57
11 40
12 89
13 33
13 56
13 14
13 70
14 90
14 42
14 57
14 51
15 86
15 100
16 24
16 60
16 65
16 48
16 25
16 99
16 63
17 36
17 18
18 58
18 42
18 69
19 38
19 94
19 86
19 69
19 25
19 23
20 80
20 77
20 54
20 62
21 24
21 53
22 44
22 83
23 68
23 87
23 62
24 50
24 91
24 47
24 58
24 72
24 34
25 83
25 80
25 55
25 40
25 26
26 45
27 80
27 73
28 86
28 88
28 90
28 29
29 49
29 52
29 55
30 42
30 96
30 99
30 81
30 43
30 31
31 99
31 62
32 71
32 62
32 50
32 63
33 100
33 72
33 81
33 90
34 90
34 40
34 88
34 70
35 70
35 61
36 55
36 43
36 92
36 82
36 86
36 38
37 63
37 79
37 93
38 47
39 100
39 59
39 97
39 40
40 58
40 86
41 87
41 77
42 61
42 55
43 83
43 92
43 50
43 67
44 68
44 98
44 53
44 81
45 49
46 71
46 99
46 98
46 53
47 88
47 48
48 72
49 98
49 50
50 58
50 55
50 94
51 89
52 76
52 88
52 57
53 62
53 78
53 70
54 58
55 57
55 62
55 59
57 70
58 89
58 96
58 67
59 71
63 88
63 92
64 75
64 92
64 81
65 76
65 79
65 74
66 72
68 91
68 70
69 70
70 78
71 72
72 93
73 74
75 94
76 96
77 98
77 89
78 88
78 81
80 96
81 84
82 99
83 88
84 91
84 85
85 89
87 89
88 91
89 96
89 91
91 93
92 93
94 95
96 97
99 100
