1000 3227
1 85
1 216
1 603
1 86
1 765
1 664
1 524
1 952
2 771
2 221
2 531
2 4
3 314
3 752
3 262
3 335
3 751
3 803
3 739
3 528
3 366
3 40
4 876
5 619
5 504
5 969
5 987
6 576
6 235
6 501
6 657
6 351
6 925
6 871
6 637
7 340
7 900
7 665
7 737
7 624
7 423
7 553
7 8
8 420
8 721
8 710
8 231
8 750
9 75
9 342
9 539
9 74
9 275
9 436
9 939
9 921
9 501
9 105
10 788
10 280
10 818
10 402
10 376
10 844
11 758
11 346
11 877
11 268
11 129
11 12
12 603
12 568
12 939
12 228
12 170
12 783
12 447
13 642
13 351
13 717
13 648
13 226
13 15
14 157
14 701
14 232
14 764
14 851
14 378
15 617
15 97
15 524
15 877
15 871
15 336
15 737
15 31
15 341
15 199
15 426
16 573
16 782
16 587
16 341
16 974
16 602
17 518
17 747
17 381
17 33
17 622
17 690
18 854
18 577
18 990
18 844
18 262
18 68
18 543
18 477
19 216
19 67
19 92
19 274
20 410
20 788
20 702
20 799
20 614
20 602
20 565
20 22
21 745
21 949
21 206
21 180
21 96
21 222
22 867
22 374
22 596
22 449
22 75
22 708
22 593
22 325
22 336
22 154
22 822
22 772
22 426
23 874
23 845
23 420
23 106
23 544
23 24
24 822
24 692
24 901
25 747
25 941
25 574
25 356
25 538
25 999
26 859
26 173
26 957
26 236
26 300
26 28
27 92
27 265
27 686
27 749
28 581
28 899
28 772
29 95
29 461
30 616
30 436
30 914
30 31
31 970
31 226
31 176
31 571
31 537
31 959
31 317
31 506
32 233
32 701
32 806
32 710
32 77
32 366
33 886
33 305
33 341
33 231
33 932
33 573
33 188
34 50
34 83
34 171
34 685
34 567
34 460
35 302
35 354
35 129
35 239
35 503
35 515
35 173
35 898
35 916
35 69
36 701
36 37
37 364
37 407
37 640
38 696
38 170
38 282
38 459
38 776
38 41
39 680
39 450
39 50
39 753
40 174
40 890
40 999
40 970
40 161
40 251
40 320
40 995
40 313
41 751
41 644
41 341
41 691
41 145
41 385
41 983
41 353
41 906
42 731
42 968
42 90
42 232
42 868
42 794
42 267
42 457
42 660
42 757
43 284
43 139
43 637
43 999
43 393
43 624
44 929
44 587
45 144
45 543
45 448
45 939
45 349
45 47
46 154
46 148
46 380
46 140
47 825
47 731
47 171
47 217
47 225
48 395
48 955
48 225
48 324
48 748
48 148
48 93
48 51
49 823
49 477
49 677
49 281
49 122
49 141
49 206
49 337
50 205
50 373
50 502
50 260
50 499
50 605
51 182
51 561
51 800
51 406
51 809
51 677
51 827
51 148
51 715
51 874
51 205
52 651
52 977
52 1000
52 988
52 641
52 812
52 430
52 53
53 153
53 763
53 75
53 407
53 960
53 226
53 102
53 914
53 282
54 162
54 449
54 584
54 499
54 119
54 518
54 285
54 57
55 88
55 985
55 102
55 386
56 59
56 686
56 277
56 99
56 508
56 941
57 587
57 491
57 177
57 335
57 852
57 944
57 204
58 71
58 68
58 396
58 219
58 157
58 470
58 903
58 580
58 611
58 564
59 961
59 618
59 60
60 993
60 964
60 759
60 111
60 169
60 244
60 505
61 847
61 663
61 912
61 544
61 799
61 978
62 173
62 422
62 417
62 131
62 610
62 512
63 938
63 224
64 274
64 768
64 249
64 368
64 85
64 825
64 877
64 529
64 543
64 65
65 645
65 199
65 456
65 258
65 632
66 160
66 931
66 439
66 477
66 533
66 746
67 607
67 863
67 161
68 904
68 918
68 930
68 994
68 820
68 512
68 576
68 70
69 521
69 416
69 784
69 787
69 691
69 542
69 448
69 433
69 580
69 708
69 839
70 927
70 83
70 464
70 879
70 991
70 113
70 859
70 933
70 378
70 412
70 869
71 218
71 204
71 736
71 901
71 865
71 285
71 574
72 448
72 388
72 888
72 401
72 349
72 117
73 622
73 366
73 943
73 994
73 929
73 829
73 224
73 477
73 504
73 76
74 940
74 106
74 941
74 677
74 916
74 329
74 753
75 785
75 437
75 162
75 188
75 734
75 540
75 664
76 742
76 326
76 978
76 204
76 559
76 970
76 540
77 510
77 733
77 374
78 658
78 860
78 646
78 676
79 919
79 683
79 853
79 577
79 538
79 106
79 281
79 518
80 202
80 183
80 326
80 972
80 646
80 954
80 707
80 191
80 233
80 82
81 694
81 579
82 764
82 244
82 886
83 785
83 772
83 878
83 853
83 937
83 90
84 555
84 812
85 770
85 374
85 578
85 845
85 621
85 263
85 626
85 451
86 914
86 193
86 139
86 481
86 145
86 873
86 540
87 375
87 634
87 138
87 636
88 818
89 931
89 835
89 656
89 216
89 613
89 424
90 238
90 829
91 826
91 409
91 530
91 95
92 168
92 912
93 284
93 137
93 961
93 287
93 834
94 679
94 854
94 363
94 303
94 205
94 177
94 217
94 630
94 120
94 623
94 936
94 897
95 498
95 951
95 103
95 591
95 154
95 818
96 640
96 988
96 560
97 460
97 731
97 816
98 426
98 267
98 934
98 977
98 638
98 159
99 661
99 417
99 556
99 250
99 388
99 134
99 101
100 199
100 750
100 684
100 601
101 606
102 174
102 794
102 601
102 226
103 269
103 978
103 694
103 218
103 106
104 917
104 188
104 563
104 431
104 467
104 868
105 230
106 704
106 717
106 582
106 282
106 858
106 677
106 973
106 535
107 110
107 766
107 924
107 754
107 149
107 583
108 359
108 730
108 609
108 694
108 546
108 407
109 505
109 266
109 729
109 110
110 583
110 456
110 567
110 893
110 609
110 218
111 732
111 749
111 180
111 959
111 112
112 892
112 565
112 770
112 858
112 939
112 331
112 963
113 554
113 789
113 132
113 731
113 649
114 799
114 966
115 412
115 974
115 895
115 208
115 930
115 117
116 470
116 789
117 404
117 447
117 756
117 897
118 578
118 797
118 285
118 438
118 517
118 567
119 661
119 201
119 891
120 193
121 490
121 864
121 913
121 122
122 754
122 374
122 272
122 797
122 187
122 125
123 250
123 968
123 927
123 301
123 245
123 276
124 804
124 385
124 739
124 818
125 883
125 743
125 503
126 755
126 241
126 436
126 595
127 391
127 686
127 136
127 698
128 725
128 378
128 348
128 131
129 610
129 246
129 742
129 198
129 1000
129 137
130 315
130 151
130 869
130 189
130 194
130 579
130 231
130 777
131 736
131 588
132 512
132 530
132 142
132 963
132 135
132 235
132 944
132 438
132 134
133 149
133 196
134 898
134 385
134 240
134 353
134 179
134 882
134 147
134 615
134 337
134 765
135 666
135 777
135 800
135 437
135 923
135 383
135 805
136 661
136 140
136 802
136 655
136 762
136 816
136 858
136 956
136 970
137 464
137 345
137 541
137 761
137 278
137 630
137 236
137 138
138 724
138 632
138 930
138 788
139 990
139 254
139 224
139 970
139 926
139 140
140 456
140 441
140 512
140 265
140 599
141 890
141 458
141 142
142 529
142 405
142 345
142 513
143 642
143 837
143 297
143 598
143 182
143 678
143 541
143 144
144 748
144 441
144 268
144 500
145 485
145 755
145 683
145 160
145 670
145 862
145 902
145 329
145 215
145 148
146 538
146 315
147 796
147 994
147 300
147 298
147 565
148 846
148 847
148 919
148 790
149 742
149 800
149 853
149 465
150 168
150 221
150 309
150 348
151 648
151 1000
151 829
151 344
151 526
151 535
151 261
152 978
152 863
152 629
152 620
153 723
153 839
153 295
154 870
154 476
154 520
154 875
154 844
154 578
154 946
154 215
154 275
154 692
154 158
155 217
155 925
155 885
155 583
155 824
155 673
156 894
156 756
157 454
157 982
157 737
157 816
157 419
157 485
158 191
158 506
158 880
158 638
158 473
159 655
159 900
159 269
159 168
159 797
159 991
159 163
160 247
160 666
160 752
160 330
160 562
160 447
161 285
161 543
161 841
161 230
161 397
161 223
162 575
162 818
162 654
162 828
163 613
163 315
163 266
163 735
163 841
164 462
164 456
164 568
164 275
165 945
165 747
165 708
165 305
165 729
165 170
166 684
166 176
166 744
166 428
166 408
166 371
167 876
167 371
167 376
167 964
167 568
167 188
167 369
167 584
168 310
168 614
168 775
168 593
168 613
168 941
168 462
169 323
169 805
169 408
169 624
169 228
170 854
170 359
170 597
170 783
170 405
170 844
170 644
171 854
171 473
171 260
171 810
171 892
171 279
172 419
172 336
172 861
172 351
172 688
172 786
173 280
173 357
173 954
174 373
174 199
174 194
174 842
175 452
175 889
175 780
175 470
175 603
175 924
176 757
176 691
176 338
176 552
177 197
177 802
177 612
177 706
177 480
177 532
177 736
177 178
178 717
178 844
178 850
178 934
178 913
178 567
178 371
178 574
178 759
179 419
179 925
179 977
179 880
179 892
179 616
179 888
180 427
180 941
180 576
180 304
180 689
180 323
180 250
180 955
181 370
181 442
181 745
181 486
181 341
181 393
182 259
182 327
182 367
182 350
182 895
182 694
182 763
182 186
183 971
183 698
183 972
184 822
184 665
184 369
184 545
185 875
185 703
185 221
185 531
186 280
186 707
186 636
186 260
186 748
186 386
186 438
186 718
186 458
187 616
187 666
187 735
187 625
187 189
188 504
188 956
188 243
188 977
188 211
188 719
188 903
188 492
189 354
189 788
189 233
189 243
190 858
190 378
190 784
190 891
190 862
190 191
191 298
191 435
191 607
191 979
191 460
192 469
192 208
192 409
192 978
193 380
193 710
193 713
193 892
194 519
194 842
195 404
195 953
195 783
195 197
196 274
196 743
196 512
196 628
196 596
197 515
197 277
197 649
197 988
198 993
198 395
198 199
199 324
199 661
199 649
199 870
199 385
200 537
200 202
201 827
201 961
201 986
201 573
201 362
201 908
201 293
202 904
202 395
202 865
202 339
202 996
202 853
203 739
203 831
203 283
203 259
203 463
203 209
203 896
203 204
204 793
204 902
204 609
204 782
204 531
204 969
205 796
205 464
205 492
205 690
205 617
206 352
206 433
206 809
206 768
206 606
206 207
207 866
207 445
207 578
207 324
207 257
207 275
207 909
208 642
208 664
208 325
208 981
208 987
208 582
208 797
208 730
208 833
208 544
209 315
209 437
209 215
209 712
209 324
209 972
209 211
210 949
210 280
210 991
210 251
211 674
211 782
211 512
211 471
212 932
212 873
212 746
212 217
213 823
213 475
213 424
213 864
213 812
213 882
214 430
214 512
214 669
214 909
215 825
215 297
215 320
215 920
215 369
216 513
216 516
216 625
216 292
216 440
217 704
217 487
217 838
217 520
218 367
218 396
218 515
219 696
219 241
219 896
219 457
219 220
220 766
220 255
220 729
220 885
220 475
221 961
221 723
221 836
221 402
221 224
222 364
223 248
223 425
223 948
224 765
224 303
224 447
224 818
225 299
225 536
225 724
225 822
225 906
225 227
226 332
226 545
226 651
226 543
226 427
226 878
226 551
226 883
227 469
228 239
228 511
228 652
228 229
229 687
229 338
229 570
229 448
229 544
230 799
230 501
230 368
230 837
230 866
230 232
231 545
231 943
231 645
232 591
232 497
232 306
233 765
233 752
233 253
233 412
233 451
233 452
233 238
234 698
234 640
234 450
234 725
234 947
234 975
234 984
234 258
235 869
235 644
235 670
235 590
235 386
235 449
235 778
235 987
236 991
236 367
236 301
236 854
236 321
236 400
237 424
237 535
237 909
237 776
238 272
238 362
238 290
238 680
238 459
238 695
239 554
239 948
239 476
239 240
240 950
240 258
240 441
240 348
240 935
240 845
240 708
240 442
241 826
241 396
242 546
242 845
242 523
242 374
242 443
242 244
243 729
243 699
243 622
243 370
243 983
243 750
244 760
244 537
244 642
245 556
245 436
245 389
245 659
245 303
246 573
246 742
246 867
246 425
246 955
247 918
247 358
247 425
247 379
247 707
248 381
248 908
248 639
248 914
248 771
248 459
248 376
249 394
249 997
249 944
249 306
249 378
250 933
250 432
250 329
250 780
250 253
251 358
251 425
251 398
251 255
251 593
251 969
252 277
252 815
252 554
252 740
252 707
252 670
253 754
253 812
254 975
254 973
254 561
255 686
255 480
255 514
255 528
256 794
256 475
256 587
256 757
257 637
257 405
257 258
258 828
258 311
258 599
258 933
259 463
259 611
259 352
259 294
259 874
259 833
259 636
259 260
260 444
260 736
260 405
260 944
260 547
260 882
261 598
261 638
261 931
261 718
261 795
261 767
261 396
261 774
261 262
262 562
263 583
263 761
263 266
264 516
264 909
264 771
264 302
265 320
265 542
265 788
265 296
266 595
266 716
266 917
266 289
266 391
267 271
267 411
267 570
267 895
267 693
267 268
268 455
268 313
268 599
268 396
268 282
269 754
269 849
269 597
269 270
270 548
270 613
270 640
271 716
271 646
271 273
272 429
272 428
272 729
272 424
273 411
273 504
273 445
273 327
273 734
274 972
274 977
274 299
275 851
275 277
276 683
276 354
276 573
277 733
277 965
277 762
277 626
277 707
277 673
277 539
277 862
278 705
279 624
279 697
279 281
280 840
280 444
281 988
281 838
281 718
281 800
281 336
282 908
282 833
282 656
282 762
283 794
283 634
283 974
284 992
284 446
284 304
284 469
284 863
284 517
285 580
285 835
285 597
285 655
286 939
286 936
286 577
286 310
286 743
286 681
286 867
286 288
287 373
287 466
287 779
287 325
287 826
288 846
288 431
288 693
288 776
288 386
289 962
289 944
289 927
289 406
289 388
290 885
290 448
290 628
290 597
290 385
291 955
291 448
291 710
291 337
291 556
291 292
292 863
292 462
293 970
293 755
293 368
293 418
293 464
293 373
293 548
294 296
294 417
294 701
294 398
294 743
295 397
295 789
295 359
295 749
295 296
296 647
296 791
296 944
296 396
296 485
296 722
296 441
296 393
296 435
297 325
297 591
297 977
297 853
298 957
298 529
298 306
298 299
299 437
299 783
299 576
299 328
299 466
300 975
300 704
300 691
300 568
300 579
300 676
301 518
301 833
301 749
301 763
302 588
302 484
302 502
302 745
302 663
302 303
303 391
303 917
303 706
303 750
303 481
303 781
304 635
304 305
305 885
305 360
305 840
306 708
306 727
306 334
306 711
306 307
307 353
308 970
308 483
308 522
308 912
308 515
308 414
309 620
309 778
309 998
309 676
309 877
310 426
310 316
311 334
311 626
311 404
311 541
311 804
312 694
312 556
312 680
312 591
313 737
313 932
314 719
314 917
314 748
314 548
314 661
314 331
314 973
316 646
316 407
316 778
317 380
317 976
317 352
317 521
317 658
317 389
317 319
318 768
318 665
318 385
318 691
318 341
318 490
318 925
318 327
319 687
319 622
319 539
319 733
319 765
319 815
319 388
320 520
320 574
320 428
321 998
321 727
321 849
321 438
321 324
322 508
322 998
322 355
322 348
323 835
323 882
323 573
323 565
324 701
325 904
325 750
325 774
325 326
326 771
326 959
326 681
327 808
327 663
327 927
327 625
327 747
327 457
327 627
328 687
328 692
328 390
328 513
328 945
329 703
330 685
330 958
330 349
330 348
330 541
331 559
331 779
331 912
331 995
331 750
331 341
332 746
333 366
333 695
333 739
333 628
334 540
334 968
335 758
335 925
335 564
335 921
336 481
336 446
336 596
336 836
337 818
337 451
337 959
337 625
337 802
338 441
338 542
338 507
338 973
339 993
339 456
339 641
340 567
340 500
340 865
341 753
341 755
341 620
341 454
341 773
341 973
341 726
342 473
342 819
342 696
343 392
343 843
343 502
343 847
344 660
344 467
344 351
345 491
345 765
345 866
345 444
345 656
345 751
346 995
346 661
346 869
347 354
347 366
347 640
347 466
348 381
349 680
349 677
349 352
350 757
350 572
350 732
351 512
351 957
351 463
351 541
352 838
352 821
352 407
352 494
352 478
352 373
353 646
353 747
353 453
353 830
353 618
354 594
354 581
354 631
354 506
355 406
355 793
355 414
355 601
355 356
356 730
356 953
356 368
356 809
357 982
357 556
357 381
357 617
357 540
357 420
357 411
358 763
358 359
359 477
359 605
359 390
359 541
360 829
360 390
360 540
360 505
360 435
361 985
361 459
361 911
361 684
361 636
361 365
362 801
362 412
362 421
362 787
362 440
362 639
362 837
362 943
363 948
363 401
363 379
364 745
364 706
364 473
364 998
365 996
365 502
365 718
365 368
365 922
366 661
366 672
366 834
366 586
366 368
367 498
367 898
367 403
367 546
367 637
368 672
368 444
368 901
368 848
369 599
369 854
369 638
369 426
369 372
370 847
370 425
370 774
370 845
370 977
370 478
371 391
371 806
371 721
371 914
371 610
372 929
372 816
372 451
373 782
373 902
373 728
374 726
374 876
374 376
375 585
375 909
375 493
376 502
376 424
377 513
377 937
378 448
378 653
378 498
379 608
379 380
379 479
379 818
379 915
379 382
380 724
380 624
381 459
381 407
382 704
382 930
382 989
383 658
383 481
383 936
383 427
383 613
383 405
383 384
384 424
384 422
384 558
385 954
385 802
385 684
385 833
385 477
385 919
386 754
386 604
387 996
387 752
387 814
387 391
388 828
388 902
388 509
388 505
389 824
389 732
389 967
389 853
390 897
390 769
390 647
391 927
391 557
391 684
391 442
391 796
392 954
392 881
392 610
392 470
392 474
392 928
392 394
393 480
394 865
394 999
394 929
394 960
394 823
394 699
395 455
395 473
395 996
395 863
395 399
396 826
396 764
398 711
398 855
398 427
398 631
399 938
399 624
399 666
400 517
400 749
400 618
401 824
401 742
401 712
401 909
401 797
401 653
402 581
402 834
402 472
402 819
402 565
402 404
403 782
403 759
403 500
404 432
404 624
404 602
404 426
405 999
405 635
405 985
406 495
406 598
406 628
406 817
406 586
407 629
407 575
407 868
407 910
408 578
408 800
408 811
408 862
408 803
408 926
410 924
410 716
410 972
411 583
411 976
411 903
412 716
412 414
413 817
413 888
413 686
413 578
414 498
414 596
414 447
414 932
414 869
415 633
415 428
415 607
415 476
416 725
416 816
416 855
417 648
417 649
417 627
418 641
418 493
418 560
419 768
419 439
419 509
420 937
420 506
420 599
420 738
420 421
421 791
421 934
422 780
422 789
422 441
422 425
423 762
423 575
423 648
424 601
424 442
425 579
425 940
425 826
425 595
426 453
426 799
427 776
427 486
427 566
427 428
428 490
429 502
429 694
429 939
429 573
429 431
430 633
430 905
430 803
430 450
431 619
431 661
431 470
432 555
432 797
433 797
433 522
433 486
433 827
433 950
433 442
434 436
434 896
434 627
434 830
435 769
435 494
435 627
435 479
435 641
436 824
436 858
436 443
437 984
437 594
438 991
438 750
438 515
438 827
439 865
439 594
439 757
439 903
439 927
439 851
440 830
440 689
441 891
441 908
441 491
441 936
442 593
443 860
443 669
443 645
443 981
443 749
443 447
444 509
444 529
445 950
445 905
446 484
446 564
446 702
446 931
447 704
447 581
447 963
447 964
447 684
447 977
448 816
448 953
448 451
449 904
449 696
449 536
450 485
450 629
450 737
451 459
453 640
453 578
453 458
453 966
453 834
453 455
454 923
454 583
454 956
454 972
454 534
454 559
455 897
455 917
455 533
456 494
456 532
456 687
457 483
457 580
457 953
458 750
458 725
458 464
459 660
459 983
460 748
460 701
460 489
460 774
460 923
460 623
460 522
461 711
462 680
462 967
462 845
463 533
463 562
463 726
464 772
464 696
464 972
464 596
464 665
465 558
465 536
465 951
465 470
465 466
466 890
466 641
466 569
466 564
466 827
466 597
467 954
467 770
468 925
468 648
468 916
468 750
468 664
468 479
468 825
468 470
469 593
469 931
469 757
470 924
470 665
470 631
471 505
471 683
471 482
471 738
471 472
473 718
473 587
473 478
474 954
474 739
474 575
475 642
476 819
476 863
476 613
476 579
476 728
476 667
476 610
477 669
477 693
477 700
477 489
477 940
477 913
478 480
478 917
478 594
479 915
479 730
479 533
479 776
479 722
480 826
480 770
480 996
480 483
481 521
481 990
481 714
481 968
482 874
482 490
482 521
483 557
483 525
483 733
483 855
483 554
484 860
484 945
485 512
485 780
486 932
487 490
488 575
488 715
488 798
488 523
489 891
489 697
489 750
489 930
490 555
490 538
490 996
491 939
492 855
492 788
494 916
494 661
494 882
494 777
494 495
495 852
495 944
496 568
496 608
496 637
496 542
497 940
497 498
497 548
498 975
499 504
499 566
500 939
500 833
500 571
501 708
501 869
501 791
501 961
501 841
502 579
502 922
502 792
502 670
502 932
502 503
503 879
503 890
503 829
504 910
504 818
504 560
505 538
506 1000
506 508
507 657
507 974
507 644
508 994
508 705
508 608
509 829
509 993
509 956
509 590
509 510
510 575
510 838
510 536
510 787
511 832
511 713
511 818
511 820
511 512
512 852
512 745
512 746
512 993
513 851
513 631
513 920
513 644
514 633
514 745
514 877
514 906
514 605
515 658
515 862
515 579
516 602
516 520
517 942
517 964
517 886
518 978
518 808
518 857
518 690
519 554
520 932
520 592
521 707
521 847
521 862
521 729
521 765
521 672
522 668
522 940
522 918
523 654
523 529
525 951
525 711
525 698
526 904
526 562
526 933
526 836
526 698
526 532
526 608
527 608
527 851
527 942
527 628
528 727
528 714
528 678
528 724
529 882
530 804
530 656
530 780
530 717
531 852
531 753
531 533
532 813
532 643
532 814
533 830
534 776
534 562
534 536
535 650
536 570
537 953
538 799
538 680
538 861
538 553
538 539
541 869
541 778
541 834
541 882
541 948
541 542
542 918
543 977
543 559
543 545
544 854
544 885
546 716
546 835
546 720
547 761
547 837
547 588
548 710
548 727
549 673
549 651
549 622
549 555
550 753
550 894
551 697
551 705
551 813
552 694
552 609
552 934
553 891
553 974
553 679
553 941
554 888
555 983
555 575
556 826
556 795
556 759
557 826
557 562
558 677
558 649
559 578
559 621
559 725
559 951
560 647
560 758
560 763
560 922
560 712
562 800
562 901
562 638
562 850
563 803
563 782
563 987
563 688
563 564
564 689
564 609
564 867
565 652
566 989
566 667
567 943
568 950
568 889
568 928
568 823
568 569
569 704
569 788
570 689
570 686
570 571
571 644
572 765
573 672
573 657
573 987
574 850
574 810
574 788
574 669
574 785
574 579
575 882
575 976
575 824
575 728
575 916
576 751
576 610
576 959
576 952
577 996
578 807
578 902
579 621
579 978
579 695
579 894
580 677
580 940
580 616
580 584
581 691
581 922
582 758
582 836
583 956
583 860
584 874
584 932
584 851
585 840
585 605
585 649
585 817
585 588
586 640
586 802
587 652
587 849
587 736
588 821
588 636
588 698
588 919
589 745
589 963
589 819
589 594
590 1000
590 998
590 738
590 878
591 820
591 640
592 762
592 818
592 741
592 719
592 746
593 792
594 822
594 750
594 797
595 725
595 932
595 596
596 934
596 755
597 629
598 894
598 612
598 997
599 674
599 926
599 600
600 904
601 660
601 746
602 801
602 861
603 658
603 742
603 844
603 880
603 608
604 968
604 954
604 800
605 894
605 990
606 728
606 924
607 884
608 847
608 844
609 656
609 982
609 889
610 839
610 611
611 963
611 947
611 787
612 694
612 743
612 670
612 614
613 974
613 734
614 631
614 748
614 669
615 645
615 994
615 760
616 746
616 617
617 789
617 814
617 875
617 648
618 620
619 926
619 717
619 723
619 708
620 743
620 794
620 982
620 883
621 658
621 826
621 772
622 857
622 865
622 867
622 827
622 625
623 867
623 826
624 920
625 837
626 940
627 815
627 808
628 753
629 704
629 741
629 676
629 859
630 854
630 913
630 846
630 768
631 632
632 875
632 702
632 639
632 940
632 731
633 675
633 847
633 667
634 696
634 680
636 871
636 663
636 784
636 638
636 637
638 803
638 753
638 998
638 994
639 971
639 845
639 642
641 661
642 875
642 725
642 695
642 860
643 917
643 794
643 644
644 803
646 965
647 931
647 897
647 652
648 868
648 933
649 999
649 749
649 848
649 976
649 751
649 942
650 997
650 654
650 842
651 750
651 995
651 978
651 856
651 898
651 812
651 698
652 957
652 935
653 855
653 684
654 702
654 949
654 656
655 795
655 709
655 822
656 943
656 769
657 888
657 976
657 839
658 979
658 659
660 763
660 760
660 661
660 813
660 838
660 663
661 726
662 778
662 692
663 802
664 840
664 743
664 990
664 665
665 775
665 925
665 769
665 719
666 836
666 914
667 925
667 673
667 840
667 869
667 668
669 801
669 937
669 671
670 870
671 698
672 949
672 988
673 827
673 674
674 712
674 744
674 731
675 880
675 865
675 892
676 886
676 681
677 833
677 876
677 793
679 917
679 978
680 873
680 722
680 915
681 898
682 686
682 683
683 929
683 994
683 1000
684 685
684 880
684 689
685 914
685 863
685 906
685 810
685 974
686 842
686 828
686 855
689 857
690 726
690 910
690 692
691 700
691 813
691 824
691 775
691 701
691 713
692 929
693 932
693 796
693 694
694 727
695 838
695 696
696 744
696 979
696 970
697 880
699 807
699 700
700 868
701 917
701 771
701 702
702 792
703 986
703 990
704 756
704 900
704 959
705 706
706 764
706 923
707 954
707 986
708 918
708 987
708 709
709 770
709 919
709 783
709 963
710 711
711 979
711 877
711 869
712 765
712 819
713 791
713 811
713 993
713 850
713 717
716 928
717 893
717 899
718 860
719 933
719 924
720 926
721 848
721 723
722 978
722 938
722 773
724 932
724 726
725 851
726 958
726 879
727 729
729 991
729 731
729 799
731 881
731 752
731 890
732 913
732 938
732 754
732 852
732 835
733 834
733 776
733 960
733 734
734 928
734 913
735 743
735 737
736 826
736 886
736 852
738 778
739 827
740 758
741 958
741 997
742 819
742 759
743 754
743 860
743 913
743 899
744 949
744 833
744 802
744 811
744 746
745 952
745 762
745 792
746 889
746 786
747 773
747 988
747 788
747 756
747 826
748 849
748 956
749 751
750 785
750 934
750 959
750 793
752 999
753 775
754 756
755 878
756 772
757 855
757 933
758 760
759 836
761 762
762 822
762 985
762 920
763 998
763 764
764 875
765 767
767 907
767 849
768 864
768 782
768 955
769 982
769 771
770 897
772 883
772 773
773 912
773 824
774 949
774 776
775 953
775 815
776 834
776 992
776 803
776 937
777 855
777 980
777 780
779 977
779 850
780 831
780 990
781 819
782 785
783 868
784 785
786 978
786 876
787 818
787 788
789 834
790 847
790 837
790 930
792 853
792 793
793 873
794 818
794 843
794 944
794 795
795 936
795 888
795 997
795 984
796 948
796 798
798 937
798 874
799 800
801 805
802 958
803 822
804 934
805 890
806 845
806 947
807 904
807 808
809 990
809 924
809 989
810 813
811 834
812 852
813 917
814 997
816 986
816 817
818 874
818 947
818 824
819 866
820 913
823 967
823 958
824 855
824 852
825 904
825 827
827 909
828 893
828 832
832 925
832 838
833 911
833 967
834 885
835 909
836 879
836 837
837 962
838 840
841 881
842 946
842 879
843 911
843 905
844 846
847 872
847 863
848 969
848 886
848 850
849 908
849 920
849 955
851 929
852 995
852 855
853 917
854 931
854 996
856 979
857 921
858 928
859 892
860 919
861 863
863 979
864 915
865 875
866 900
866 867
867 937
868 981
868 869
870 873
871 963
871 979
871 943
872 889
873 910
874 877
875 994
876 942
877 883
878 987
878 879
879 986
879 902
881 882
882 889
883 927
884 885
885 997
886 888
886 887
887 896
888 907
890 988
890 891
892 915
892 944
893 895
894 953
898 904
899 959
899 902
899 944
902 939
903 987
903 917
904 916
905 907
906 935
906 933
907 988
908 972
911 912
913 938
913 957
914 918
915 951
916 963
916 935
920 921
922 955
922 923
923 925
924 926
925 958
925 973
927 928
929 980
931 934
932 984
936 940
937 938
939 940
940 999
940 965
941 999
941 944
944 994
945 946
946 950
948 949
949 994
950 951
952 953
953 965
953 982
955 956
956 964
957 963
960 961
963 1000
964 974
968 986
976 978
979 981
989 999
995 997
998 1000
