1000 3000
1 2
1 7
1 12
1 14
1 41
1 136
1 247
1 748
1 574
1 244
1 707
1 397
1 937
1 441
1 179
2 3
2 4
2 16
2 26
2 68
2 269
2 734
2 33
2 636
3 6
3 11
3 54
3 212
3 330
3 15
3 261
3 361
3 502
3 582
4 5
4 13
4 18
4 43
4 276
4 447
4 969
4 302
5 8
5 63
5 313
5 321
5 338
5 879
5 724
5 36
5 929
5 543
5 901
5 255
5 474
5 947
5 184
6 32
6 58
6 140
6 201
6 57
6 143
7 9
7 30
7 40
7 88
7 997
7 487
7 97
8 31
8 269
8 708
8 508
8 128
8 872
9 10
9 19
9 75
9 695
9 187
9 579
9 127
10 27
10 42
10 214
10 861
10 694
10 691
10 291
10 539
11 49
11 107
11 112
11 686
11 255
11 332
11 309
11 24
12 17
12 22
12 184
12 186
12 391
12 226
12 982
12 644
12 320
12 895
12 298
12 594
12 926
12 871
13 39
13 163
13 679
13 221
13 76
14 15
14 23
14 35
14 44
14 115
14 360
14 117
14 504
14 250
15 20
15 76
15 108
15 268
15 969
15 653
15 292
15 57
15 793
15 426
16 65
16 98
16 610
16 697
16 569
16 717
16 720
16 156
17 138
17 147
17 956
17 503
17 516
17 608
17 452
17 841
18 24
18 50
18 66
18 67
18 197
18 207
18 393
18 30
18 710
18 148
19 25
19 191
19 486
19 542
19 736
19 610
20 21
20 60
20 62
20 100
20 144
20 504
20 623
21 28
21 34
21 159
21 442
21 545
21 649
21 859
21 110
21 521
21 227
21 344
22 37
22 141
22 263
22 419
22 584
22 714
22 189
23 55
23 132
23 273
23 688
23 807
23 439
23 251
23 577
23 778
24 36
24 70
24 91
24 471
24 972
24 543
24 746
25 244
25 511
25 700
25 748
26 29
26 47
26 211
26 698
26 707
26 927
26 270
26 535
26 565
26 691
26 735
27 33
27 51
27 119
27 127
27 379
27 859
27 902
27 748
27 850
27 619
28 248
28 270
28 460
28 245
28 272
28 601
28 649
28 240
29 151
29 170
29 602
29 476
29 989
29 214
29 204
29 276
30 38
30 172
30 359
30 395
30 711
31 59
31 106
31 226
31 372
31 779
31 349
31 750
32 46
32 396
32 826
32 729
32 238
32 84
32 876
32 680
33 45
33 397
33 510
33 700
33 581
33 482
33 445
34 80
34 125
34 169
34 376
34 118
34 483
34 848
34 478
34 851
34 297
35 505
35 58
35 350
35 700
36 78
36 180
36 585
36 745
36 418
36 259
36 107
36 120
36 705
36 486
36 151
36 481
37 807
37 365
37 726
37 907
37 336
38 74
38 89
38 192
38 932
38 472
38 328
38 830
39 53
39 61
39 306
39 503
39 522
39 598
39 907
39 670
39 621
40 257
40 448
40 994
40 64
40 709
40 411
40 723
41 374
41 92
41 293
41 444
42 92
42 477
42 808
43 139
43 382
43 535
43 791
43 800
43 857
43 514
44 71
44 516
44 574
44 665
44 122
44 750
44 795
45 48
45 73
45 116
45 146
45 710
45 229
45 235
45 483
46 220
46 106
46 583
46 219
46 744
47 95
47 194
47 403
47 773
47 818
47 466
47 891
48 52
48 193
48 450
48 622
48 660
48 67
48 157
48 119
49 64
49 183
49 192
49 59
50 246
50 721
50 976
50 942
50 518
51 83
51 123
51 168
51 187
51 251
51 355
51 609
51 80
51 291
51 475
52 56
52 57
52 104
52 122
52 137
52 175
52 472
53 97
53 128
53 195
53 473
53 485
53 371
53 939
53 398
53 852
54 223
54 201
55 155
55 409
55 936
55 196
55 520
56 252
56 444
56 549
56 545
57 181
57 264
57 404
57 71
57 430
58 130
58 205
58 170
59 459
59 574
59 337
59 571
60 79
60 229
60 406
60 320
60 156
60 743
61 165
61 656
61 949
61 109
61 894
61 786
62 86
62 101
62 299
62 316
62 197
62 382
62 627
63 69
63 133
63 148
63 199
63 213
64 114
64 233
64 980
64 322
64 303
64 133
64 415
64 212
65 260
65 380
65 254
65 150
65 197
65 851
66 81
66 82
66 85
66 274
66 279
66 316
66 440
66 368
66 471
66 118
66 530
66 607
67 598
67 777
67 456
67 944
67 648
67 320
67 887
68 72
68 87
68 283
68 301
68 423
68 562
68 160
68 639
68 645
69 77
69 84
69 93
69 225
69 506
69 523
69 558
69 675
69 510
69 338
69 164
69 630
69 378
70 190
70 125
70 564
71 134
71 745
71 668
71 124
72 314
72 567
72 624
73 280
73 353
73 807
73 477
73 489
73 168
73 604
73 350
74 118
74 446
74 317
74 443
74 973
74 276
74 803
75 234
75 107
75 769
76 320
76 422
76 940
76 665
76 978
76 721
77 94
77 171
77 318
77 349
77 584
77 895
77 812
77 260
78 275
78 293
78 362
78 467
78 290
78 301
78 415
78 242
79 90
79 111
79 376
79 966
79 464
79 947
79 327
79 158
80 217
80 385
80 501
80 821
80 279
80 787
80 472
80 694
81 237
81 262
81 431
81 538
81 766
81 809
81 84
81 898
81 715
82 668
82 204
82 547
82 322
82 217
82 465
82 124
83 512
83 624
83 443
83 458
83 518
83 453
84 153
84 166
84 799
84 910
84 195
84 363
85 213
85 267
85 819
85 151
85 128
85 453
86 99
86 255
86 518
87 582
87 729
87 677
87 796
88 145
88 767
88 203
89 265
89 739
89 719
89 707
89 740
89 274
89 663
90 258
90 487
90 649
90 927
90 959
90 206
91 102
91 129
91 198
91 428
91 426
92 174
92 254
92 527
92 658
92 639
92 937
92 995
92 391
93 105
93 109
93 958
93 544
93 986
93 392
93 204
94 96
94 126
94 189
94 221
94 357
94 990
94 987
94 153
94 384
94 275
95 944
95 827
95 832
95 979
95 584
96 224
96 455
97 377
97 914
97 781
97 116
97 811
98 103
98 250
98 498
98 174
98 963
99 296
99 346
99 646
99 446
99 198
99 351
99 782
99 640
99 831
100 426
100 556
100 566
100 557
100 814
100 119
100 996
100 642
100 473
101 543
101 668
101 515
101 986
101 122
101 428
102 110
102 310
102 402
102 565
102 229
102 408
102 115
103 176
103 559
103 714
103 278
103 489
104 113
104 131
104 311
104 206
105 149
105 847
105 857
105 355
105 712
105 371
106 156
106 202
106 291
106 648
106 805
107 983
107 536
108 124
108 323
108 152
108 272
108 907
108 231
109 117
109 850
109 698
109 979
109 122
110 121
110 231
110 242
110 266
110 309
110 898
110 117
111 351
111 752
111 446
112 185
112 259
112 277
112 440
112 607
112 796
112 785
112 150
112 799
112 252
113 489
113 144
113 573
113 784
114 162
114 204
114 297
114 509
114 627
115 120
115 165
115 386
115 520
115 772
115 622
115 616
115 124
115 468
115 146
116 142
116 160
116 369
116 945
116 804
116 172
117 135
117 279
117 458
117 311
118 161
118 784
118 870
119 282
119 634
119 134
119 307
119 742
120 350
120 958
120 315
120 829
120 867
121 215
121 271
121 415
121 820
122 367
122 223
122 509
122 315
123 327
123 982
123 670
123 657
123 135
123 647
124 414
124 969
124 970
124 152
124 830
125 164
125 492
125 891
126 152
126 638
126 236
126 138
126 548
127 808
127 932
127 913
127 282
128 894
128 940
128 696
128 664
128 794
129 329
129 432
129 596
129 629
129 859
129 606
129 511
129 723
130 441
130 770
130 391
130 827
130 627
130 595
131 219
131 640
131 250
131 591
131 676
131 153
132 792
132 949
132 485
132 816
132 639
132 248
132 775
133 557
133 492
133 532
134 290
134 308
134 439
134 704
134 838
135 143
135 345
135 470
135 528
135 647
135 703
135 187
136 179
136 810
136 252
136 681
137 305
137 352
137 155
137 269
137 153
138 410
138 568
138 268
139 288
139 900
139 471
140 158
140 957
140 669
140 881
140 932
140 178
140 744
141 157
141 701
141 548
141 388
142 154
142 167
142 272
142 599
142 338
142 946
143 680
143 982
143 453
143 255
143 334
143 588
143 257
143 186
143 427
144 591
144 916
144 398
144 459
144 262
144 990
145 150
145 604
145 671
145 932
146 220
146 300
146 534
146 554
146 740
146 987
146 309
146 726
146 529
146 384
146 268
147 218
147 261
147 332
147 822
147 620
147 972
148 295
148 854
148 901
148 368
148 497
149 188
149 587
149 216
149 699
149 504
149 873
150 835
150 685
150 820
151 243
151 967
151 283
151 513
151 837
152 876
152 611
153 216
153 519
153 892
153 536
153 367
153 256
154 206
154 525
154 672
154 479
155 253
155 278
155 605
155 788
155 702
155 949
155 719
155 907
156 173
156 670
156 609
156 281
156 331
157 762
157 394
157 763
157 285
158 182
158 412
158 444
158 930
158 991
158 786
158 351
158 364
159 203
159 210
159 552
159 642
159 750
159 898
160 772
160 1000
160 617
160 650
161 609
161 860
161 349
161 327
161 492
161 936
161 703
162 493
162 860
162 349
162 624
163 200
163 663
163 419
163 218
163 883
163 358
163 895
164 322
164 480
164 639
164 788
164 797
164 338
164 398
164 420
165 312
165 636
165 167
165 936
166 319
166 327
166 689
166 636
166 996
166 909
166 506
167 551
167 627
167 178
167 462
167 196
167 297
167 365
168 417
168 449
168 798
168 303
168 969
168 887
168 315
168 224
169 371
169 901
170 495
170 634
170 899
170 248
170 762
171 387
171 840
171 562
171 243
171 372
172 880
172 832
172 195
173 228
173 235
173 347
173 380
173 488
173 609
173 884
173 670
173 401
173 378
173 565
174 315
174 328
174 398
174 781
174 849
174 278
175 177
175 178
175 468
175 687
175 339
175 998
175 425
175 463
175 955
176 230
176 343
176 727
176 909
176 873
176 488
177 559
177 753
177 191
177 455
177 402
177 771
177 608
178 196
178 240
178 549
178 181
178 303
179 696
179 943
179 849
180 925
180 401
181 839
181 963
181 390
181 779
181 905
181 582
181 330
181 961
182 669
182 388
182 793
182 300
182 914
183 930
183 544
183 891
183 854
183 715
183 993
183 364
183 785
184 855
184 209
184 713
184 338
185 281
185 700
185 238
185 503
185 944
185 366
185 357
185 919
186 412
186 804
186 536
186 782
186 360
186 521
186 792
187 222
187 654
187 477
188 445
188 501
188 567
189 342
189 337
190 569
190 886
190 516
191 236
191 425
191 577
191 583
191 735
192 565
193 990
194 589
194 592
194 607
195 437
195 567
195 318
195 370
195 1000
196 208
196 269
196 392
196 251
197 238
197 979
197 263
197 991
198 819
199 529
199 635
199 995
199 447
199 440
199 611
199 724
200 209
200 232
200 326
200 600
200 633
200 896
200 297
200 865
200 871
200 722
200 239
200 648
200 962
201 363
201 800
202 378
202 899
202 427
202 330
202 566
202 454
203 241
203 381
203 957
203 740
203 807
203 988
204 256
204 484
204 252
204 406
204 612
204 501
204 316
205 227
205 451
205 933
205 699
205 544
205 798
205 767
205 615
205 242
205 847
206 572
206 298
206 867
206 700
207 317
207 676
207 370
208 835
208 352
208 634
209 747
209 874
209 720
209 414
209 296
210 407
210 537
211 365
211 841
211 1000
211 465
211 657
212 400
212 514
212 865
212 724
213 457
213 954
213 396
213 829
213 442
214 303
214 667
214 872
214 960
214 919
214 286
214 848
215 304
215 408
215 474
215 671
215 976
215 858
215 488
215 566
215 417
216 646
216 703
216 757
216 288
217 282
217 706
217 476
217 557
218 245
218 299
218 563
218 506
218 661
218 556
219 325
219 733
219 805
219 621
219 291
219 485
220 356
220 732
220 753
220 869
221 249
221 286
221 449
221 333
222 444
222 723
222 488
222 686
222 413
222 442
223 511
223 606
223 833
223 953
223 860
223 339
224 699
224 843
224 870
225 302
225 949
225 301
225 732
225 307
225 624
226 232
226 876
226 665
226 825
226 308
227 455
227 713
227 769
227 260
227 587
228 458
228 628
228 705
228 616
228 349
229 239
229 893
229 978
229 884
229 802
230 324
230 984
230 998
230 558
230 996
230 492
230 744
230 625
230 819
230 276
231 643
231 875
231 385
231 842
231 358
232 819
232 347
233 954
233 934
233 251
233 883
234 469
234 971
234 499
234 500
234 697
234 260
234 841
235 834
235 290
236 368
236 588
236 832
236 918
236 289
236 865
237 298
237 877
237 745
238 427
239 335
239 946
239 775
239 551
239 421
240 401
240 889
240 484
240 918
240 656
240 933
241 674
241 598
241 350
242 483
242 490
242 463
242 494
242 401
242 544
243 670
243 514
243 484
243 585
244 354
245 389
245 953
245 325
245 965
245 979
246 791
246 557
247 573
247 602
247 715
248 459
248 657
248 786
248 781
248 608
249 912
249 712
249 792
249 1000
250 670
250 279
251 292
251 553
251 638
251 782
251 529
251 303
251 710
252 544
252 715
252 969
252 465
253 416
253 466
253 671
253 716
253 821
253 402
254 657
254 540
255 399
255 932
255 458
255 433
255 700
255 803
255 562
256 419
257 284
257 294
257 624
257 289
257 784
257 359
258 289
258 364
258 383
258 917
258 344
258 317
259 726
259 933
260 641
260 709
260 346
260 475
260 327
260 805
260 549
260 721
260 534
261 476
261 825
261 321
261 942
261 444
261 855
262 778
262 684
263 285
263 684
263 370
263 321
263 826
263 376
263 736
263 991
263 310
263 822
264 336
264 369
264 456
264 700
264 901
264 449
264 834
264 382
264 559
265 682
265 895
265 289
266 481
266 759
266 912
266 462
266 972
267 348
267 435
267 614
267 651
268 739
268 282
269 287
269 636
269 969
269 883
269 785
269 401
270 353
270 705
270 823
271 661
271 337
271 561
271 539
271 375
271 800
272 666
272 320
272 441
272 782
272 982
273 555
273 860
273 547
273 714
273 927
273 590
273 923
274 926
274 956
274 911
275 344
275 655
275 926
275 753
275 402
276 522
276 798
276 990
276 394
277 278
277 800
277 869
278 333
278 413
278 875
278 701
278 312
279 617
279 607
280 463
280 845
280 442
281 337
281 692
281 316
281 359
281 958
281 654
281 750
281 523
282 314
282 976
282 916
282 511
282 896
283 505
283 521
283 597
283 307
283 886
283 485
284 813
284 608
284 289
285 428
285 814
285 488
285 385
286 405
286 890
286 306
287 697
287 489
288 506
288 491
289 524
289 896
290 588
290 469
291 567
291 900
291 975
291 889
291 651
292 799
292 640
292 940
292 973
292 819
292 833
292 902
293 302
293 467
293 493
293 638
294 334
294 473
294 605
295 341
295 373
295 394
295 528
295 476
296 454
296 809
296 373
296 620
297 918
297 531
297 958
298 507
298 677
298 415
298 985
299 557
300 638
300 918
300 696
300 702
300 942
301 374
302 717
302 346
302 875
302 938
303 415
303 392
303 763
303 419
303 314
304 307
304 580
304 764
305 665
305 777
305 645
305 377
305 986
305 474
306 652
306 518
307 787
307 901
307 726
308 1000
308 653
308 886
309 587
309 895
310 736
310 332
310 474
311 417
311 516
312 331
312 430
312 659
313 418
313 636
314 652
315 644
315 846
315 947
315 755
315 893
315 772
315 847
315 594
316 339
316 733
316 992
316 793
316 462
317 955
317 517
317 740
317 654
317 889
318 340
318 905
318 449
318 998
318 979
318 907
318 427
319 719
319 891
319 514
320 547
320 815
320 350
320 924
320 916
320 785
321 849
321 822
321 773
322 332
322 593
322 753
322 813
322 788
323 465
323 881
324 325
324 965
324 502
324 352
324 734
324 862
325 502
325 606
325 800
325 979
326 674
326 495
326 506
327 760
327 953
327 374
328 716
328 618
328 478
328 666
328 605
329 673
329 444
329 582
330 875
330 457
330 486
330 475
331 695
332 388
332 823
332 468
332 930
333 366
333 464
333 706
333 334
333 445
334 434
335 779
335 776
336 961
336 976
337 935
338 712
338 729
338 810
338 824
338 935
338 774
338 390
338 559
338 900
339 352
339 358
339 496
339 990
339 452
339 705
340 424
340 940
340 596
340 790
340 426
340 769
341 370
341 490
342 806
342 508
342 928
342 961
342 351
343 744
343 412
343 939
343 516
343 452
344 934
344 661
344 939
344 699
344 681
344 648
345 742
345 519
346 634
347 678
348 361
348 384
348 411
348 689
348 827
349 500
349 611
349 701
349 1000
349 609
349 639
349 862
349 852
350 390
350 541
350 433
350 650
350 798
350 565
351 451
351 705
351 377
352 869
352 943
352 841
353 881
353 888
354 523
354 641
355 915
356 941
356 808
357 601
357 667
357 568
357 779
358 861
358 789
358 441
358 897
359 856
360 429
360 910
360 951
360 446
361 597
361 817
361 853
361 851
362 960
363 613
363 908
363 651
363 958
364 421
364 497
364 968
365 985
365 578
366 392
366 675
366 801
366 840
367 452
367 925
367 764
368 457
368 560
368 401
368 957
369 632
369 907
369 721
370 550
370 561
370 714
370 422
370 551
371 952
371 626
371 708
371 636
371 933
371 947
371 803
372 375
372 627
373 462
373 725
373 540
374 982
375 478
375 662
375 988
376 461
376 482
376 956
376 972
376 712
377 555
377 973
378 806
378 991
378 577
379 526
379 857
379 638
380 822
380 928
381 479
381 499
381 546
381 743
381 979
381 614
381 568
381 625
381 649
382 695
382 718
382 567
382 798
382 850
383 570
383 508
383 417
383 430
384 981
384 736
384 884
384 653
385 515
385 531
385 753
385 687
386 755
386 552
386 829
387 819
387 707
388 420
390 433
390 920
390 449
391 925
391 489
391 831
391 966
392 544
392 709
392 823
393 453
393 620
393 878
393 593
394 685
394 982
394 715
395 436
395 794
395 900
395 654
396 458
396 661
397 443
397 630
397 804
397 941
398 438
398 720
398 416
398 791
398 559
399 744
399 650
399 974
400 571
400 607
400 568
401 548
401 805
401 944
402 535
403 702
403 563
403 919
403 932
405 982
405 468
406 890
406 746
406 564
407 557
408 579
409 575
409 634
410 652
410 690
410 476
411 937
411 914
412 863
412 731
412 784
413 782
413 475
413 732
413 689
414 558
414 818
414 487
415 615
415 445
415 724
416 683
416 960
416 774
417 475
417 465
417 991
418 822
418 779
418 513
418 762
418 509
418 421
419 903
419 906
419 931
419 798
419 887
420 674
421 654
421 793
421 741
421 953
421 732
422 795
422 694
423 761
423 449
424 829
424 574
424 782
425 589
425 791
425 630
426 922
427 477
427 741
427 630
428 816
428 758
429 598
430 475
430 647
430 566
430 821
430 562
431 686
431 635
432 539
433 731
433 815
433 614
433 531
434 540
434 594
434 814
434 949
435 945
435 732
436 658
436 677
436 841
436 939
437 896
437 590
438 777
439 539
439 571
439 993
439 459
440 508
440 727
440 822
440 628
441 805
441 882
441 609
442 687
442 516
442 795
442 538
444 636
444 783
444 949
444 818
446 465
446 586
446 664
446 962
446 671
446 693
447 618
447 896
447 619
447 821
448 815
448 826
448 546
448 551
449 897
449 619
449 756
449 916
450 829
450 922
450 745
451 665
451 486
451 824
451 791
451 740
451 463
452 678
452 659
453 892
453 579
453 646
453 550
453 674
453 526
454 564
454 730
454 775
454 786
454 608
454 628
455 833
455 937
455 636
455 613
456 952
456 775
456 902
457 729
457 937
457 709
457 580
457 648
458 639
458 797
458 506
459 887
459 817
460 530
460 691
461 533
461 465
462 978
463 783
464 701
465 824
465 939
465 733
465 768
465 582
465 695
466 738
468 494
468 877
469 537
469 921
469 679
469 945
469 692
469 850
470 801
471 753
471 589
472 625
472 679
472 735
472 593
472 802
473 491
473 595
473 838
473 930
473 577
473 828
473 645
473 537
474 475
474 854
474 990
475 811
475 716
476 754
476 646
476 780
476 814
476 604
477 920
477 562
477 644
479 544
479 754
479 975
480 608
480 561
480 864
481 994
482 735
482 729
483 780
483 874
483 867
484 614
484 775
485 951
486 878
487 871
487 928
488 895
488 687
488 845
489 562
489 869
489 575
490 989
490 506
491 794
491 805
492 879
492 769
492 695
492 828
492 841
492 800
493 616
493 863
493 539
493 520
494 534
494 729
495 733
496 742
496 603
496 689
496 896
496 891
497 584
498 981
498 577
499 513
499 573
499 919
499 733
500 966
500 638
501 517
501 546
501 780
502 530
502 576
502 674
502 957
503 826
504 816
504 960
504 756
505 868
505 899
506 966
507 834
507 701
507 910
508 959
508 983
509 871
510 871
510 930
510 951
510 867
510 658
511 748
511 583
512 683
512 750
512 743
513 571
513 974
513 665
514 830
515 536
515 746
516 532
516 612
518 578
518 679
518 875
518 913
519 746
519 836
519 785
519 831
520 626
520 866
520 668
520 578
521 817
521 924
521 722
521 556
522 706
522 850
522 962
522 941
522 998
522 800
523 524
523 529
524 612
524 873
524 821
524 568
524 950
525 857
526 722
526 746
526 943
527 688
527 826
527 904
528 599
528 724
528 620
528 566
529 930
529 957
529 773
530 690
530 790
530 960
530 675
530 707
530 600
530 711
531 688
531 834
531 605
532 610
533 818
534 542
534 891
535 624
535 796
536 968
536 957
536 840
536 891
536 896
536 618
536 602
537 930
537 974
538 581
538 603
539 834
540 774
541 564
541 936
541 604
542 849
543 566
543 942
544 756
544 831
545 945
545 754
546 642
546 716
546 829
546 813
547 662
547 714
547 789
547 844
547 592
547 707
549 725
549 682
550 645
550 967
551 737
551 651
551 809
551 770
552 669
553 950
553 998
554 592
554 924
554 918
554 721
554 797
555 915
555 671
557 674
559 929
560 973
561 644
561 610
562 662
563 640
563 926
563 642
564 714
565 631
565 979
565 678
565 920
566 798
566 868
567 733
569 795
569 646
570 616
570 735
571 812
572 913
572 741
572 917
573 897
573 823
574 653
574 758
574 865
574 773
574 727
575 666
576 863
576 698
576 979
577 794
577 699
578 794
579 728
579 852
580 950
581 840
581 864
582 984
583 768
584 828
584 993
584 955
585 637
585 812
585 645
587 590
587 838
587 720
587 859
589 959
589 989
590 925
591 972
591 751
594 751
594 866
594 643
595 803
595 627
595 729
596 968
596 741
597 603
598 621
598 619
598 746
598 785
599 656
600 842
600 614
600 647
600 926
600 728
600 846
601 998
602 692
602 931
604 715
605 619
605 910
606 690
606 999
607 782
607 785
607 800
607 866
608 903
608 713
608 779
609 885
609 677
609 837
609 975
610 745
610 702
610 622
610 616
610 786
610 749
611 857
611 923
611 657
612 958
613 630
614 858
614 789
614 841
614 771
615 657
615 771
615 649
615 887
615 987
615 989
616 681
616 843
616 899
616 920
617 690
619 765
619 778
619 1000
619 864
619 714
619 659
621 710
621 853
622 919
623 650
623 861
624 708
624 774
624 684
624 812
624 648
625 697
626 993
626 787
626 691
626 972
627 999
627 998
627 804
627 656
627 739
628 775
628 873
629 850
630 898
630 899
631 732
631 709
632 644
633 781
633 914
634 822
634 783
635 790
636 766
636 965
639 972
639 907
640 708
640 878
642 730
642 704
642 832
643 763
643 864
645 957
645 732
645 791
646 978
646 917
647 964
647 850
648 744
649 757
649 939
650 880
651 728
651 742
651 760
652 767
652 890
653 910
654 975
655 928
656 829
656 929
656 672
656 686
657 731
657 771
657 884
657 753
657 781
658 912
658 867
659 715
660 756
660 798
661 904
662 912
663 837
664 848
666 996
667 865
667 968
667 725
668 902
668 698
669 960
671 691
671 995
671 774
671 886
673 676
673 898
673 765
674 929
674 878
674 941
675 896
676 763
676 689
677 820
677 890
677 971
677 942
678 941
679 702
679 710
680 926
680 851
681 693
681 754
681 873
681 894
682 712
682 709
683 694
683 804
683 936
683 738
684 742
684 834
686 706
686 795
687 936
688 900
688 910
689 994
690 800
692 749
692 812
692 726
693 967
693 785
693 765
695 891
695 921
695 735
696 873
697 939
697 858
698 715
700 921
701 965
702 954
702 752
703 835
703 984
704 945
704 800
705 758
705 958
706 987
706 928
707 836
708 904
709 937
709 885
709 952
710 866
710 894
712 876
713 939
713 889
713 977
713 948
713 927
713 870
713 756
714 775
714 893
715 985
716 973
716 774
717 871
717 878
718 868
718 795
719 767
721 895
721 729
721 740
722 976
724 801
724 772
724 851
725 806
726 831
728 924
729 883
730 815
730 895
731 776
731 797
733 891
733 814
735 870
737 977
738 973
739 754
741 853
741 888
743 964
743 948
743 833
744 970
744 967
744 881
744 905
746 851
750 797
751 924
752 811
752 903
752 958
752 836
752 851
752 945
753 907
754 884
755 809
755 1000
757 990
761 974
761 771
762 764
763 792
763 904
763 817
763 838
764 880
764 910
765 802
765 915
765 799
766 786
766 954
766 844
767 846
769 790
770 930
770 902
770 813
771 799
771 788
776 917
779 780
780 987
780 907
781 913
781 829
781 889
783 842
784 1000
785 993
785 861
786 951
787 844
787 841
790 886
791 888
791 834
791 858
792 982
793 964
793 844
793 959
793 889
794 935
794 903
794 941
795 978
796 946
796 868
796 830
797 867
797 974
799 894
801 894
801 949
805 874
806 808
806 915
807 984
807 853
808 852
808 974
808 979
809 985
810 914
811 955
812 873
813 859
813 941
814 868
814 969
815 906
816 907
818 913
819 957
820 888
820 883
821 870
822 981
822 934
824 832
825 837
826 862
829 861
829 864
829 896
830 931
830 859
831 992
833 860
836 914
836 982
836 951
837 908
838 929
839 885
840 844
840 869
842 938
842 863
842 887
843 941
844 867
845 955
845 932
845 958
846 911
846 940
849 866
849 864
849 948
851 958
852 999
855 948
855 874
858 911
858 907
859 892
860 996
860 912
861 996
861 956
865 918
865 946
867 994
871 984
873 900
874 949
874 892
875 938
876 904
877 932
881 902
882 897
882 896
883 912
884 908
886 970
888 942
888 908
891 895
892 945
892 919
895 993
895 978
897 923
899 923
902 937
918 939
921 945
925 988
926 998
928 986
928 979
929 997
929 988
931 998
931 952
937 943
938 967
940 988
941 982
944 972
946 955
948 965
950 963
959 989
965 990
970 997
970 980
971 995
