100 200
1 39
2 94
2 62
3 8
3 19
3 21
4 75
4 52
4 89
4 10
5 13
5 63
5 25
5 65
5 33
5 90
5 68
6 68
6 75
6 7
6 42
7 15
7 42
7 55
8 97
8 79
8 68
8 47
9 72
9 54
9 95
9 17
9 58
9 41
9 97
10 92
11 37
11 68
12 13
12 24
12 44
13 30
13 92
13 37
13 79
13 44
13 58
14 89
14 33
15 34
15 38
15 65
16 91
16 86
16 89
16 25
16 95
16 40
17 48
17 74
17 80
17 99
17 81
18 75
18 35
19 75
19 89
19 76
21 35
21 93
21 37
21 73
21 65
21 36
22 24
22 51
23 92
23 55
23 41
24 59
24 63
25 76
25 40
25 58
25 84
26 43
26 79
27 28
27 99
27 52
27 60
27 76
28 37
28 34
29 59
29 53
29 62
29 89
29 97
29 95
29 92
29 70
31 88
31 85
32 93
33 62
34 61
34 45
34 47
35 36
35 45
35 51
35 91
36 87
37 50
37 48
37 68
37 95
38 42
38 56
38 95
39 72
39 98
39 47
40 65
41 76
41 48
41 87
41 69
41 45
42 78
42 89
44 56
45 55
45 61
45 99
46 60
46 88
46 66
46 51
47 99
47 65
48 99
48 84
48 76
48 64
50 73
52 87
52 88
53 92
53 91
54 92
55 77
55 96
55 61
56 76
57 74
58 81
59 99
60 69
60 64
60 68
61 82
61 65
61 96
62 93
63 92
64 90
65 98
65 70
66 82
67 84
67 77
67 71
68 81
68 86
69 79
69 71
69 90
69 85
70 77
73 80
74 97
74 80
75 82
76 99
78 100
79 90
81 93
81 99
82 95
82 88
84 91
84 93
87 100
89 96
92 98
93 99
95 98
96 100
