1000 3244
1 812
1 250
1 601
1 602
2 909
2 830
2 219
2 970
2 277
2 640
2 985
2 130
3 60
3 694
3 285
3 822
3 268
3 877
4 173
4 311
4 14
5 456
5 698
5 79
6 647
6 312
6 973
6 13
7 460
7 558
7 432
7 382
7 995
7 992
8 537
8 620
8 194
8 487
8 233
8 372
8 815
8 661
8 304
8 782
8 282
8 312
9 159
9 556
9 928
9 58
10 531
10 766
10 853
10 17
11 650
11 853
11 182
11 680
11 951
11 124
11 155
11 30
12 178
12 269
13 981
13 565
13 611
13 63
13 870
14 254
14 120
14 382
14 860
14 835
14 25
14 421
14 599
14 15
15 234
15 852
15 305
15 241
15 856
15 713
15 449
16 741
16 828
16 174
16 17
17 428
17 331
17 81
17 171
17 367
17 671
18 799
18 498
18 80
18 258
18 163
18 31
18 683
18 49
19 514
19 175
19 247
19 465
20 979
20 968
20 952
20 51
20 886
20 27
21 651
21 184
21 263
21 500
21 394
21 102
22 121
22 170
22 32
22 862
23 481
23 656
23 336
23 664
23 95
23 427
24 254
24 956
24 633
24 71
24 457
24 573
25 51
25 640
25 241
25 393
25 391
25 869
25 167
26 387
26 849
26 133
26 980
27 95
27 621
27 996
27 236
27 775
28 836
28 819
28 709
28 396
28 909
28 30
29 649
29 717
29 399
29 745
30 925
30 478
30 542
30 208
31 181
31 430
31 394
31 478
31 595
31 892
31 97
32 444
32 168
32 193
32 745
32 33
33 358
33 246
33 257
33 847
33 446
34 634
34 68
34 414
34 466
35 697
35 866
35 873
35 403
35 216
35 677
36 713
36 431
37 136
37 547
37 735
37 723
37 940
37 559
37 285
37 860
37 100
37 40
38 542
38 972
38 422
38 866
38 535
38 310
39 577
39 572
39 390
39 889
40 405
40 622
40 969
40 686
40 895
40 985
40 959
40 933
40 453
41 420
41 630
41 390
41 802
41 697
41 150
41 842
41 42
42 843
42 692
42 375
42 219
42 857
43 269
43 394
43 487
43 133
43 172
43 702
44 346
44 476
44 111
44 757
44 601
44 371
44 312
44 858
45 960
45 266
45 722
45 612
45 787
45 298
45 101
45 741
46 170
46 690
46 300
46 157
46 366
46 48
47 990
47 845
48 548
48 196
48 219
49 128
49 998
49 196
50 744
50 923
50 347
50 710
50 302
50 665
51 724
51 53
52 739
52 861
52 288
52 626
52 139
52 928
53 909
53 554
53 506
53 453
53 504
53 914
53 136
54 896
54 152
54 735
54 359
54 175
54 676
55 478
55 901
56 499
56 369
56 992
56 715
56 430
56 57
57 599
57 662
57 995
58 651
58 89
58 205
58 297
58 163
58 917
58 140
58 251
58 579
59 911
59 212
59 290
59 261
59 292
59 120
59 312
59 62
60 666
60 746
60 142
60 961
60 383
60 84
60 491
60 175
60 517
61 958
61 707
61 271
61 469
61 649
61 577
61 567
61 901
62 640
62 164
62 645
63 727
63 782
63 990
63 938
63 912
63 294
63 449
63 158
63 67
64 775
64 94
64 766
64 263
64 646
64 443
65 638
65 257
65 222
65 136
65 464
65 391
65 250
65 781
65 566
65 568
66 318
66 500
66 125
66 220
66 807
66 216
67 357
67 732
67 427
68 436
68 959
68 673
68 219
68 748
68 566
68 235
69 575
69 497
69 599
69 167
69 512
69 71
70 212
70 849
70 583
70 187
70 817
70 330
70 519
70 314
71 738
71 753
71 232
71 992
71 387
71 759
71 737
71 620
72 552
72 553
72 101
72 938
73 865
73 242
73 222
73 323
73 621
73 176
73 788
73 171
73 307
73 404
74 654
74 356
74 859
74 450
74 201
74 783
75 644
75 250
75 97
75 853
75 670
75 77
76 438
76 83
76 345
76 642
76 805
76 794
77 305
77 468
77 663
77 568
77 137
78 696
78 253
78 693
78 995
78 613
78 634
78 452
78 79
79 306
79 220
79 416
79 185
80 668
80 200
80 81
81 863
81 94
81 829
81 124
81 488
81 368
81 870
81 535
82 391
82 664
82 744
82 240
82 390
82 83
83 126
83 168
83 664
83 708
83 735
83 563
84 731
84 205
84 789
85 190
85 463
85 612
85 926
85 930
85 657
85 162
85 258
85 923
85 87
86 644
86 539
86 96
86 735
87 650
87 370
87 186
87 210
87 640
87 291
87 432
88 371
88 214
88 750
88 89
89 324
89 867
89 549
89 932
89 620
89 896
89 618
89 824
89 719
89 644
90 507
90 858
90 955
90 415
90 252
90 588
90 796
90 294
91 869
91 450
91 963
91 197
92 192
92 434
92 724
92 895
92 729
92 622
93 144
93 733
93 172
93 100
94 930
94 337
94 361
94 95
95 632
95 948
95 728
95 320
95 705
96 317
96 541
96 576
96 314
96 891
96 456
96 369
96 240
96 98
97 650
97 215
97 167
97 306
98 305
98 898
98 553
98 338
98 482
99 416
99 573
99 846
99 222
99 155
99 103
100 551
100 903
100 925
100 753
101 237
101 549
101 693
101 854
101 381
101 454
102 467
103 778
104 901
104 637
104 435
104 913
104 176
104 937
105 217
105 652
105 605
105 108
106 933
106 753
106 922
106 174
106 666
106 709
107 705
107 930
107 733
107 380
107 653
107 438
108 547
108 911
108 625
108 411
108 245
108 237
108 772
109 666
109 968
109 937
109 184
110 486
110 314
110 994
110 926
111 956
111 886
111 609
111 768
111 681
111 386
111 112
112 842
112 689
112 477
112 594
112 743
113 224
113 383
113 310
113 668
114 751
114 894
114 143
114 166
114 199
114 115
115 317
115 316
115 979
115 664
115 204
116 492
116 553
116 246
116 266
116 790
116 162
116 906
116 481
117 909
117 186
117 519
117 198
117 470
117 122
118 337
118 614
118 380
118 553
119 825
119 177
119 170
119 393
119 855
119 670
119 624
119 554
119 543
119 429
120 867
120 423
120 232
120 140
120 176
120 728
121 244
121 770
121 295
122 791
122 292
122 437
122 193
122 269
123 848
123 416
123 324
123 793
123 639
123 226
124 369
124 210
124 861
124 525
125 911
125 461
125 831
125 129
125 718
125 729
125 463
126 216
126 541
126 918
126 642
126 936
126 368
126 321
127 329
127 709
127 898
127 129
128 635
128 545
128 875
128 804
128 153
129 682
129 865
129 412
129 783
130 664
130 264
130 697
130 713
130 131
131 564
132 178
132 290
132 337
132 190
132 733
132 217
133 964
133 612
133 184
133 808
134 859
134 883
134 568
134 135
135 619
135 795
135 339
135 999
135 408
135 276
135 933
136 389
136 345
136 301
137 570
137 528
137 635
137 871
137 223
137 301
137 346
137 325
137 441
138 202
138 475
138 762
138 656
138 185
138 181
138 446
138 830
138 294
138 342
139 291
139 848
139 321
139 987
139 780
139 633
139 140
140 259
140 834
140 713
140 578
140 696
141 958
141 492
141 793
141 142
142 591
142 750
142 947
142 792
143 211
143 238
143 187
143 363
143 289
143 568
143 476
143 927
143 535
144 864
144 240
144 219
144 995
144 234
144 221
144 926
145 309
145 447
145 443
145 231
145 473
145 147
146 688
146 706
146 349
146 714
146 320
146 983
146 452
146 317
147 314
147 260
147 487
147 247
147 433
147 425
147 428
148 635
148 426
148 623
148 937
148 609
148 852
148 684
148 929
149 549
149 298
149 539
149 150
150 478
150 247
150 190
150 664
151 446
151 681
151 721
151 154
151 950
151 712
151 159
151 568
152 666
152 979
152 395
152 803
152 154
153 841
153 621
153 855
154 552
154 632
154 621
154 475
155 186
155 744
155 773
155 569
155 510
155 157
156 912
156 885
156 428
156 821
156 973
156 242
157 225
157 925
157 821
157 437
157 954
157 544
158 677
158 332
158 393
158 423
158 637
158 216
158 961
159 476
159 708
160 890
160 161
161 458
161 848
161 349
161 888
161 428
162 970
162 379
162 198
162 317
163 727
163 420
163 539
163 627
163 841
163 808
163 404
163 164
164 427
164 686
164 421
164 492
165 287
165 891
165 831
165 310
165 230
165 458
165 631
165 908
166 753
166 541
166 894
167 756
167 793
167 874
167 941
167 510
168 654
168 765
168 527
168 171
169 883
169 806
169 189
169 546
169 367
169 318
169 752
169 563
169 322
169 302
170 782
170 253
170 343
170 328
170 184
171 194
171 182
171 346
172 327
172 207
172 248
172 941
172 781
172 663
173 434
174 389
174 593
174 985
174 629
174 676
174 402
174 337
174 619
175 473
175 363
175 304
175 968
175 235
175 302
175 176
176 632
176 552
177 550
177 195
177 681
178 289
178 760
178 655
178 196
179 948
179 252
179 258
179 421
179 506
179 180
180 925
180 577
180 670
181 635
181 703
181 296
181 182
182 660
182 592
182 936
182 610
182 301
182 856
182 445
182 248
182 895
182 223
182 468
183 608
183 209
183 677
183 574
183 396
183 185
184 589
184 841
184 509
184 424
184 800
184 751
184 286
184 224
185 581
185 913
185 893
186 792
186 214
186 188
187 343
187 700
187 789
187 326
187 887
187 979
187 734
187 864
188 999
188 727
188 778
188 412
188 514
189 862
189 418
189 720
189 511
189 463
189 607
189 824
189 672
189 731
190 300
190 816
190 558
190 323
190 194
191 406
191 906
191 915
191 654
192 770
192 249
192 592
192 368
192 833
193 352
193 639
194 634
194 761
194 247
195 806
195 533
195 536
195 292
195 198
196 766
196 206
196 579
196 914
196 645
197 430
197 507
197 542
197 355
197 836
198 641
198 924
198 803
198 466
198 510
198 694
198 863
199 855
199 984
199 596
199 512
199 569
199 820
199 473
200 597
200 686
200 917
200 540
200 724
201 248
201 986
201 437
201 829
201 870
202 722
202 374
202 277
202 650
202 950
202 518
202 393
203 757
203 745
204 699
204 516
204 796
205 772
205 849
205 345
205 206
206 438
206 916
207 505
207 999
207 236
207 949
207 762
207 820
207 208
208 817
208 864
208 939
208 437
209 467
209 490
209 288
209 801
209 374
209 250
209 211
210 973
210 449
210 966
210 898
211 301
211 364
211 541
211 726
212 973
212 841
212 687
212 932
212 431
212 213
213 501
213 871
213 304
214 678
214 515
214 309
214 355
214 630
214 967
214 377
214 971
215 962
215 884
215 436
215 817
215 603
215 526
215 411
215 489
215 508
215 535
215 965
216 243
216 903
216 591
216 674
217 589
217 508
217 965
217 808
217 377
217 776
218 554
218 510
218 314
218 670
219 471
219 682
219 586
219 506
219 220
220 875
220 412
220 385
220 791
220 526
221 577
221 337
221 223
222 450
223 520
223 449
223 393
223 693
223 817
223 828
223 769
223 684
223 793
224 861
224 790
224 677
224 573
224 462
224 907
225 968
225 981
225 406
226 955
226 253
226 643
226 540
226 617
226 467
226 963
226 363
226 227
227 926
227 562
227 823
228 965
228 819
228 589
228 666
228 328
228 772
229 658
229 850
229 331
229 599
229 874
229 902
229 715
229 245
229 256
229 818
230 452
230 316
230 916
230 731
230 604
231 525
231 302
231 233
232 400
232 968
232 363
232 741
232 947
232 254
233 581
233 568
233 801
233 630
234 669
234 914
234 397
234 447
234 957
234 985
235 752
235 920
235 396
235 996
235 728
235 744
235 936
235 236
236 616
236 933
236 913
236 645
236 427
236 927
236 638
237 710
237 435
237 406
237 238
238 560
238 261
238 497
238 486
238 775
238 981
239 427
239 542
239 439
239 247
239 690
239 573
239 790
239 944
239 721
239 951
240 437
240 797
240 746
240 606
240 603
240 675
240 906
240 915
240 244
241 894
241 498
241 673
241 493
241 391
241 762
242 769
242 368
242 245
242 627
242 374
242 741
243 950
243 744
243 811
244 347
244 711
244 312
244 482
244 834
244 808
244 509
244 698
245 460
245 948
245 446
246 838
246 510
246 336
246 570
246 815
246 249
247 943
247 493
247 940
247 922
247 841
248 616
248 307
248 304
248 340
248 966
248 906
248 487
249 809
249 378
249 944
249 756
249 508
249 261
250 436
250 662
250 352
250 500
250 971
250 252
251 764
251 605
251 294
252 303
252 739
252 530
253 580
253 932
253 254
254 432
254 577
254 703
254 277
254 578
254 540
254 648
254 580
255 657
255 321
255 870
255 347
255 895
255 764
256 664
256 942
256 375
257 341
257 849
257 482
257 917
257 750
257 259
258 684
258 530
258 796
258 581
258 611
258 308
258 531
259 496
259 694
259 547
259 626
260 618
260 595
260 323
260 833
260 912
261 665
261 379
261 514
261 390
261 809
261 370
261 263
262 420
262 804
262 938
262 534
263 949
263 424
263 885
264 289
264 321
264 994
264 991
264 265
265 430
265 631
265 734
265 388
265 377
266 638
266 816
266 535
266 932
267 847
267 747
267 464
267 781
267 426
267 593
268 317
268 273
268 705
268 806
268 270
269 751
269 290
269 842
269 523
269 692
270 691
270 727
270 471
270 494
270 349
271 665
271 368
271 997
271 948
271 272
272 393
272 942
272 969
272 878
272 960
272 396
272 399
273 398
273 309
273 523
273 681
273 275
274 396
274 581
274 535
274 936
275 921
275 349
275 911
275 462
275 343
275 613
275 871
276 714
276 910
276 818
276 525
276 564
276 416
276 277
277 906
277 855
277 422
277 359
277 955
277 826
278 729
278 951
278 549
278 808
279 881
279 636
279 537
279 280
280 533
280 299
280 404
281 851
281 396
282 614
282 891
282 287
283 924
283 986
283 434
283 413
283 429
283 852
284 996
284 548
284 351
284 678
285 361
285 412
285 952
285 589
285 735
285 327
285 358
285 341
286 571
286 425
286 461
286 646
286 674
287 314
287 583
288 637
288 344
288 639
288 936
289 314
289 520
289 300
289 603
289 988
290 471
290 481
290 816
290 663
290 291
291 599
292 650
292 964
292 431
292 548
292 401
292 718
292 293
293 345
293 713
293 357
294 529
294 296
294 698
294 329
294 930
294 295
295 840
295 993
296 833
296 589
297 752
297 340
297 577
297 568
297 800
298 975
298 330
298 465
298 780
298 882
298 303
299 490
299 342
299 449
299 667
299 968
300 547
300 773
300 573
300 586
300 831
300 442
300 864
300 495
300 795
301 631
301 593
302 886
302 585
302 412
302 912
302 835
302 895
304 325
304 373
304 378
304 935
304 376
304 307
305 691
305 981
305 812
305 951
305 333
306 799
306 429
306 310
306 493
306 974
306 587
307 734
307 469
307 954
308 356
308 353
308 770
308 975
308 621
308 409
308 309
309 533
309 347
309 700
309 537
310 833
310 490
310 772
310 388
310 794
310 312
311 668
312 680
312 992
312 930
312 698
312 382
312 649
313 579
313 347
313 933
313 407
313 785
313 483
314 374
314 476
314 652
314 565
314 317
315 693
315 850
315 518
315 755
315 417
315 985
316 488
316 607
316 495
316 776
317 928
317 444
318 957
318 762
318 725
318 548
319 957
319 829
320 931
320 551
320 627
320 434
321 714
321 753
321 839
321 815
321 551
321 328
322 940
322 745
322 762
323 367
323 887
323 771
323 442
323 659
323 407
323 381
323 489
323 580
324 977
324 539
324 885
324 753
325 706
325 326
325 591
325 844
326 679
326 672
326 697
326 893
326 461
326 939
327 725
327 941
328 646
328 495
328 606
328 438
328 473
328 509
328 768
328 535
328 532
329 421
329 803
329 635
329 819
331 755
331 463
332 960
332 536
332 912
332 452
332 925
333 543
333 771
333 995
333 461
333 581
334 836
334 335
335 925
335 550
335 979
336 717
336 353
336 699
336 337
337 485
337 742
337 931
337 603
338 486
338 622
338 693
338 973
338 340
339 830
339 557
339 695
339 442
339 960
340 559
340 633
340 689
340 487
340 765
340 463
340 442
341 815
341 835
341 736
341 727
341 986
341 468
341 545
341 342
342 566
342 703
342 437
343 413
343 362
343 526
343 638
343 344
344 738
344 843
344 491
344 651
345 673
345 346
346 629
346 809
346 850
346 928
346 811
346 688
346 826
346 558
347 605
347 757
347 952
348 549
348 407
348 821
348 464
348 792
348 350
349 1000
349 495
350 533
351 528
351 913
351 353
352 923
352 601
352 690
352 880
353 553
353 658
353 824
354 453
354 801
354 477
354 436
354 572
354 558
355 990
355 716
355 659
355 991
356 453
356 396
357 360
357 522
357 897
357 767
358 951
358 462
358 771
358 568
359 863
359 363
360 981
360 818
360 897
361 452
361 999
361 793
361 972
362 585
362 706
362 657
363 442
364 768
365 480
365 751
365 382
365 738
365 995
365 771
366 668
366 663
366 367
367 658
367 894
367 843
367 809
367 987
367 550
368 710
368 713
368 681
369 526
370 986
370 856
370 831
370 962
370 427
370 372
371 914
371 913
371 861
371 984
372 679
372 909
373 774
373 491
373 792
373 955
373 691
374 616
374 488
374 459
374 791
375 789
375 600
375 702
375 992
376 802
376 772
376 377
377 925
377 743
377 461
377 792
378 938
378 918
378 771
378 542
378 800
378 382
379 703
379 990
379 711
379 921
379 769
379 740
380 529
380 532
380 557
380 765
380 909
380 723
381 638
381 501
382 866
382 669
382 457
383 562
383 785
383 553
383 862
384 702
384 386
385 916
385 402
385 676
385 695
385 611
385 957
385 573
386 715
386 396
386 722
386 596
387 826
387 493
387 784
387 648
387 796
387 957
387 878
387 388
388 704
388 975
388 645
388 640
388 792
389 842
389 930
390 956
390 392
391 626
391 751
392 460
393 558
393 394
394 949
394 989
394 844
394 830
395 593
395 831
395 499
396 866
396 398
397 507
397 919
397 486
397 513
397 884
397 572
397 917
397 540
397 506
398 968
398 538
398 669
398 929
399 640
399 809
399 582
399 756
400 401
401 582
401 546
401 453
401 419
402 609
402 922
403 918
403 764
403 942
403 508
403 537
404 618
404 760
404 405
405 741
405 815
405 453
405 934
406 881
406 877
406 760
406 599
406 414
407 559
408 719
408 623
408 617
408 793
408 409
409 557
409 700
409 573
409 488
410 944
410 451
410 456
410 813
410 790
410 869
411 940
411 749
411 918
411 831
411 666
411 412
412 527
412 941
413 989
413 759
413 445
413 536
414 536
414 440
414 521
414 820
414 852
414 416
415 958
415 591
415 773
415 912
415 771
416 654
416 829
416 879
416 710
416 915
417 932
417 497
417 667
418 563
418 783
418 725
418 749
418 419
419 553
419 509
419 450
419 637
420 609
420 748
420 421
421 915
422 649
422 942
423 512
423 424
423 644
423 425
424 971
425 679
425 723
425 519
426 577
426 846
427 808
427 576
428 635
428 506
428 912
428 786
429 772
430 734
430 965
431 635
431 979
431 894
431 869
431 435
432 460
432 585
432 973
433 652
433 882
433 634
433 531
433 810
434 920
434 884
434 733
434 579
434 847
434 768
435 514
435 849
435 903
435 701
435 697
435 830
435 692
435 642
435 984
435 901
435 730
436 748
436 933
437 653
437 717
438 665
438 907
439 548
439 584
439 639
440 732
440 676
440 884
440 564
440 891
441 957
442 586
442 770
442 709
442 981
442 869
443 833
443 868
443 685
443 445
444 716
444 937
445 834
445 673
445 897
446 950
446 764
446 667
446 447
447 735
447 526
447 602
447 859
447 772
448 701
448 671
449 452
450 788
450 578
450 593
450 912
451 592
452 890
452 593
452 579
452 527
453 633
453 875
453 632
453 635
454 931
454 843
454 504
454 517
454 455
455 594
455 562
455 670
456 728
456 606
456 459
457 935
457 1000
457 872
457 857
458 701
458 469
458 935
458 668
459 500
459 611
459 748
459 489
460 738
460 899
460 553
460 697
460 682
460 785
461 931
462 992
462 876
462 680
463 879
463 679
463 676
463 756
463 926
463 640
463 465
464 896
464 875
464 798
465 880
465 519
465 650
465 551
465 851
465 744
465 940
466 601
466 761
466 699
466 728
467 922
467 577
467 566
467 979
467 469
468 969
468 729
468 543
468 640
468 672
469 826
469 865
470 702
470 654
470 857
470 555
470 836
470 747
470 900
471 677
471 498
471 859
471 879
471 476
472 975
472 497
472 919
472 723
473 701
473 617
473 750
473 526
473 812
473 578
473 974
473 474
474 665
474 518
474 641
475 610
475 890
476 620
476 715
476 478
477 683
477 509
477 969
477 784
478 598
478 722
478 581
479 916
479 480
480 745
480 511
481 839
482 795
482 949
482 483
483 750
483 559
484 599
484 586
484 905
484 908
485 729
485 739
485 731
485 629
485 489
486 574
486 690
486 491
486 508
486 731
486 879
487 653
487 924
487 556
488 947
488 582
488 933
488 934
488 698
488 805
489 671
489 897
490 543
490 532
490 491
491 849
492 841
492 628
492 828
492 862
492 493
493 781
493 621
493 746
494 964
494 696
494 651
494 508
494 495
495 622
495 652
495 646
496 683
496 652
496 912
497 912
497 580
498 826
499 580
499 500
500 693
500 686
500 717
500 951
500 722
500 680
500 501
501 928
501 629
501 909
502 528
502 649
502 621
502 517
503 794
503 836
504 718
504 953
504 517
504 506
505 778
506 853
506 923
507 855
507 848
507 511
508 590
508 806
508 864
508 805
509 832
509 818
509 898
510 736
510 655
510 560
511 843
511 634
511 827
512 807
512 998
512 513
513 589
513 784
513 679
513 662
514 823
514 999
514 840
514 515
515 965
515 763
515 670
515 866
515 878
515 713
515 588
515 976
516 942
516 612
516 521
516 933
516 832
516 838
516 749
516 992
516 567
516 982
516 517
517 827
517 774
517 853
517 589
517 647
518 555
519 552
519 536
520 533
520 521
521 654
522 598
522 937
522 886
523 778
523 960
523 624
523 831
524 553
524 854
524 910
524 528
525 600
525 958
525 587
526 687
526 868
526 932
526 640
527 931
527 993
527 852
528 824
528 883
528 699
528 916
529 606
529 530
530 724
530 845
530 748
531 552
531 678
531 605
531 796
531 995
532 626
532 842
532 782
533 858
533 917
533 534
535 574
535 565
535 538
536 646
536 735
536 692
536 766
536 979
536 652
536 812
537 881
537 790
537 622
537 889
538 730
538 689
538 993
538 964
539 766
539 569
540 654
540 863
540 769
540 573
541 972
541 973
541 890
541 543
542 958
543 987
543 936
543 616
543 655
543 643
544 546
545 829
545 651
545 701
545 819
546 766
546 662
546 619
547 970
547 877
547 689
547 696
548 668
548 601
548 551
549 979
549 938
549 720
549 896
549 983
549 854
549 788
549 591
549 903
550 669
550 781
550 848
550 997
550 851
551 847
551 868
551 684
552 717
552 921
552 830
552 568
552 962
553 601
553 685
553 554
554 616
554 570
555 963
555 699
555 673
555 801
555 928
555 556
556 878
557 827
557 812
557 561
558 797
560 884
560 561
561 889
561 740
562 659
563 998
563 661
563 927
563 800
563 564
564 789
564 591
564 642
564 870
565 567
566 918
566 950
567 989
567 758
567 739
568 569
569 815
569 594
570 824
570 864
570 571
571 945
571 596
571 662
571 854
572 773
573 746
573 991
574 813
574 701
574 789
575 990
575 627
575 949
575 648
575 860
575 644
575 672
577 819
577 795
577 659
577 753
577 787
577 578
578 911
579 856
579 700
579 796
580 960
580 757
580 955
581 993
581 627
581 831
581 582
582 798
582 612
584 649
584 898
584 935
585 743
585 846
585 872
586 798
586 998
586 855
586 749
586 625
586 587
587 836
587 922
587 960
589 684
589 686
589 734
589 717
589 590
590 742
590 626
590 972
590 833
591 842
591 639
592 750
592 956
592 726
594 774
594 889
594 766
595 733
595 799
596 625
596 995
596 724
597 956
598 671
598 957
598 647
598 601
599 675
599 836
599 743
599 742
599 749
600 800
600 837
601 705
601 695
601 845
602 713
602 828
603 780
603 611
604 915
604 964
604 961
605 796
605 968
605 937
605 758
607 980
607 883
607 858
607 792
607 917
607 610
608 637
610 742
611 718
611 799
611 612
612 951
612 755
613 746
613 614
614 921
614 648
614 984
614 904
614 925
615 836
615 778
616 698
616 738
616 617
617 963
617 861
618 658
619 622
620 637
620 971
621 639
621 847
621 711
622 992
622 712
623 833
623 719
623 986
623 627
624 730
624 684
625 919
625 629
625 742
626 663
626 823
626 773
628 913
629 634
629 814
629 630
630 844
630 678
631 909
631 835
631 718
632 666
632 682
635 733
635 692
636 871
636 713
636 699
637 807
637 825
637 687
637 639
638 926
639 705
640 818
641 663
641 646
642 975
642 991
643 956
643 809
643 859
643 645
644 906
644 1000
644 738
645 717
645 986
645 987
647 890
648 877
648 941
648 881
648 802
648 782
648 654
650 762
650 999
651 962
652 708
652 953
653 929
653 767
653 885
655 656
656 836
656 919
656 756
656 868
656 981
657 684
658 951
658 716
659 954
659 663
660 661
661 734
662 805
662 922
662 665
663 805
664 666
665 714
665 949
666 675
666 669
667 720
669 883
670 868
670 696
670 938
670 672
671 813
671 910
672 820
672 853
672 711
672 845
672 693
673 943
673 876
673 936
674 699
674 675
675 849
675 819
676 976
677 909
677 990
677 915
677 988
677 678
678 809
679 680
680 894
681 856
681 955
681 822
681 810
681 682
682 796
683 834
683 689
683 758
683 845
683 950
684 945
685 810
685 687
686 950
687 923
687 851
689 691
690 761
690 858
692 709
692 934
692 693
693 986
693 785
694 976
695 887
696 986
697 904
697 890
698 705
698 760
698 792
698 699
699 880
699 816
699 887
699 846
700 829
700 730
700 929
700 776
701 725
701 704
702 738
702 749
702 773
702 852
702 715
702 906
703 766
703 916
703 860
703 836
703 831
703 807
705 797
705 780
706 943
707 709
708 810
708 733
708 991
709 949
709 789
710 729
710 950
711 782
711 947
711 761
711 713
714 818
714 734
714 872
714 896
715 716
716 809
716 948
717 898
717 814
717 718
718 987
718 766
719 720
721 807
721 944
721 893
721 767
722 724
723 942
723 993
724 764
724 807
724 740
724 845
725 745
725 835
726 825
726 736
726 729
726 728
727 926
727 755
727 795
728 872
728 917
729 737
730 770
730 969
731 732
732 745
733 823
734 736
735 919
736 832
736 762
737 838
737 745
738 1000
739 754
739 804
740 932
741 759
742 753
745 888
745 978
745 971
745 858
746 896
746 779
746 747
747 914
748 952
749 900
749 750
750 934
751 752
752 753
752 947
752 791
752 761
753 759
754 940
754 790
754 937
754 964
754 910
756 941
757 842
757 868
757 865
757 902
758 927
760 938
760 761
762 764
763 927
763 844
763 786
765 766
767 803
767 945
767 770
768 913
768 785
769 936
769 775
771 788
771 772
772 797
772 904
774 926
774 957
774 905
775 790
775 781
776 802
776 846
776 979
777 996
777 857
778 826
779 906
780 918
780 833
781 869
781 940
781 914
781 783
782 884
782 830
782 983
782 783
783 809
783 996
783 922
784 944
784 868
784 961
785 938
785 807
785 846
786 821
786 788
787 930
787 963
788 998
790 796
791 957
791 984
794 823
795 920
796 938
796 833
796 895
798 842
799 926
799 813
799 856
799 800
800 986
800 830
801 858
801 802
802 929
802 999
802 899
803 849
803 985
804 881
805 807
806 960
806 808
807 945
807 920
808 968
808 832
808 819
809 931
809 917
809 815
810 833
810 869
811 922
811 984
812 884
813 920
813 850
815 939
818 855
818 819
819 942
819 946
820 902
820 865
820 891
820 822
822 856
823 825
824 954
827 945
827 921
827 881
828 869
828 929
829 887
829 831
832 971
832 834
834 860
835 852
837 997
838 971
838 952
838 839
839 920
841 997
841 843
844 966
844 845
845 957
847 909
848 851
851 889
852 986
854 962
854 855
856 882
857 956
857 858
859 958
859 943
859 860
861 990
863 931
863 864
864 997
865 911
866 869
868 930
869 928
870 874
873 935
874 941
875 927
875 876
876 883
880 986
881 918
881 883
882 886
883 924
884 886
886 956
886 923
887 890
889 964
890 945
891 892
893 925
893 920
893 997
894 986
894 902
895 907
895 997
904 911
907 930
911 929
912 952
912 913
914 977
914 919
918 945
920 921
922 937
922 923
923 981
924 957
924 926
925 971
927 958
927 928
929 978
930 955
931 932
935 938
939 940
941 942
944 947
945 947
946 952
947 985
947 951
947 995
948 952
949 963
951 975
954 991
954 974
955 979
957 962
958 983
963 987
963 966
964 968
965 971
967 969
970 971
972 977
972 976
973 974
977 979
982 985
989 993
990 1000
995 996
997 998
999 1000
